15 0.113281 0.720052 0.103516 0.044271
15 0.843750 0.806641 0.125000 0.040365
15 0.506836 0.827474 0.074219 0.032552
15 0.028320 0.764974 0.050781 0.045573
15 0.287598 0.684245 0.084961 0.066406
15 0.512207 0.930990 0.059570 0.028646
15 0.647461 0.720703 0.113281 0.032552
15 0.728516 0.884115 0.076172 0.044271
15 0.908203 0.649089 0.064453 0.040365
15 0.435059 0.716797 0.065430 0.037760
15 0.182129 0.981120 0.065430 0.037760
15 0.762695 0.555339 0.068359 0.097656
15 0.833496 0.626302 0.043945 0.039062
15 0.176270 0.642578 0.102539 0.050781
15 0.662598 0.797526 0.114258 0.055990
15 0.939453 0.790365 0.121094 0.151042
