15 0.124512 0.576823 0.075195 0.114583
15 0.615234 0.538411 0.101562 0.076823
15 0.246582 0.575521 0.079102 0.046875
15 0.426758 0.195964 0.078125 0.097656
15 0.710938 0.926432 0.066406 0.040365
15 0.056641 0.468750 0.066406 0.039062
15 0.758789 0.606120 0.042969 0.029948
15 0.228516 0.192708 0.052734 0.057292
15 0.909668 0.916016 0.071289 0.048177
15 0.379883 0.404948 0.058594 0.052083
15 0.441406 0.346354 0.041016 0.023438
15 0.698242 0.483724 0.066406 0.040365
15 0.475586 0.773438 0.048828 0.033854
15 0.377930 0.847005 0.039062 0.027344
15 0.346680 0.592448 0.062500 0.036458
